6
4
12
10
9
1
2
5
3
3
9
6
1
2
1
5
6
10
7
3
4
3
1
8
10
11
2
8
2
7
1
10
7
1
4
4
6
9
10
2
2
3
3
7
8
1
2
5
5
8
3
9
9
3
5
6
10
7
5
4
8
12
4
4
11
2
12
8
8
11
3
2
12
6
8
10
8
3
1
8
8
10
5
2
11
7
12
9
9
1
12
2
12
4
1
3
7
1
2
3
10
7
10
1
1
3
5
1
9
10
2
8
6
8
9
6
4
11
3
9
5
1
8
1
5
1
6
1
6
12
5
8
1
9
3
9
8
2
7
12
4
9
9
2
10
11
9
2
11
2
3
10
8
12
2
10
4
7
4
10
1
9
3
7
10
4
8
2
6
11
8
2
4
3
5
10
12
6
12
10
6
9
4
3
8
1
8
7
10
11
6
5
1
11
1
4
1
1
10
1
11
10
2
10
12
7
2
11
10
1
7
2
10
1
11
11
1
8
6
3
2
4
12
2
2
8
11
5
12
10
2
1
1
5
3
8
4
1
2
2
1
12
11
1
4
3
3
2
2
11
7
12
3
5
4
10
2
4
7
2
6
3
8
4
10
6
11
2
5
11
5
5
6
9
4
9
5
7
11
1
10
6
7
1
6
10
3
12
7
10
1
9
6
1
3
5
2
10
7
3
